200 200 15083831
201 200 15083831
202 200 15083831
203 200 15083831
204 200 15083831
205 200 15083831
206 200 15083831
207 200 15083831
208 200 15083831
209 200 15083831
210 200 15083831
211 200 15083831
212 200 15083831
213 200 15083831
214 200 15083831
215 200 15083831
216 200 15083831
217 200 15083831
218 200 15083831
219 200 15083831
220 200 15083831
221 200 15083831
222 200 15083831
223 200 15083831
224 200 15083831
225 200 15083831
226 200 15083831
227 200 15083831
228 200 15083831
229 200 15083831
230 200 15083831
231 200 15083831
232 200 15083831
233 200 15083831
234 200 15083831
235 200 15083831
236 200 15083831
237 200 15083831
238 200 15083831
239 200 15083831
240 200 15083831
241 200 15083831
242 200 15083831
243 200 15083831
244 200 15083831
245 200 15083831
246 200 15083831
247 200 15083831
248 200 15083831
249 200 15083831
250 200 15083831
251 200 15083831
252 200 15083831
253 200 15083831
254 200 15083831
255 200 15083831
256 200 15083831
257 200 15083831
258 200 15083831
259 200 15083831
260 200 15083831
261 200 15083831
262 200 15083831
263 200 15083831
264 200 15083831
265 200 15083831
266 200 15083831
267 200 15083831
268 200 15083831
269 200 15083831
270 200 15083831
271 200 15083831
272 200 15083831
273 200 15083831
274 200 15083831
275 200 15083831
276 200 15083831
277 200 15083831
278 200 15083831
279 200 15083831
280 200 15083831
281 200 15083831
282 200 15083831
283 200 15083831
284 200 15083831
285 200 15083831
286 200 15083831
287 200 15083831
288 200 15083831
289 200 15083831
290 200 15083831
291 200 15083831
292 200 15083831
293 200 15083831
294 200 15083831
295 200 15083831
296 200 15083831
297 200 15083831
298 200 15083831
299 200 15083831
300 200 15083831
301 200 15083831
302 200 15083831
303 200 15083831
304 200 15083831
305 200 15083831
306 200 15083831
307 200 15083831
308 200 15083831
309 200 15083831
310 200 15083831
311 200 15083831
312 200 15083831
313 200 15083831
314 200 15083831
315 200 15083831
316 200 15083831
317 200 15083831
318 200 15083831
319 200 15083831
320 200 15083831
321 200 15083831
322 200 15083831
323 200 15083831
324 200 15083831
325 200 15083831
326 200 15083831
327 200 15083831
328 200 15083831
329 200 15083831
330 200 15083831
331 200 15083831
332 200 15083831
333 200 15083831
334 200 15083831
335 200 15083831
336 200 15083831
337 200 15083831
338 200 15083831
339 200 15083831
340 200 15083831
341 200 15083831
342 200 15083831
343 200 15083831
344 200 15083831
345 200 15083831
346 200 15083831
347 200 15083831
348 200 15083831
349 200 15083831
350 200 15083831
351 200 15083831
352 200 15083831
353 200 15083831
354 200 15083831
355 200 15083831
356 200 15083831
357 200 15083831
358 200 15083831
359 200 15083831
360 200 15083831
361 200 15083831
362 200 15083831
363 200 15083831
364 200 15083831
365 200 15083831
366 200 15083831
367 200 15083831
368 200 15083831
369 200 15083831
370 200 15083831
371 200 15083831
372 200 15083831
373 200 15083831
374 200 15083831
375 200 15083831
376 200 15083831
377 200 15083831
378 200 15083831
379 200 15083831
380 200 15083831
381 200 15083831
382 200 15083831
383 200 15083831
384 200 15083831
385 200 15083831
386 200 15083831
387 200 15083831
388 200 15083831
389 200 15083831
390 200 15083831
391 200 15083831
392 200 15083831
393 200 15083831
394 200 15083831
395 200 15083831
396 200 15083831
397 200 15083831
398 200 15083831
399 200 15083831
400 200 15083831
401 200 15083831
402 200 15083831
403 200 15083831
404 200 15083831
405 200 15083831
406 200 15083831
407 200 15083831
408 200 15083831
409 200 15083831
410 200 15083831
411 200 15083831
412 200 15083831
413 200 15083831
414 200 15083831
415 200 15083831
416 200 15083831
417 200 15083831
418 200 15083831
419 200 15083831
420 200 15083831
421 200 15083831
422 200 15083831
423 200 15083831
424 200 15083831
425 200 15083831
426 200 15083831
427 200 15083831
428 200 15083831
429 200 15083831
430 200 15083831
431 200 15083831
432 200 15083831
433 200 15083831
434 200 15083831
435 200 15083831
436 200 15083831
437 200 15083831
438 200 15083831
439 200 15083831
440 200 15083831
441 200 15083831
442 200 15083831
443 200 15083831
444 200 15083831
445 200 15083831
446 200 15083831
447 200 15083831
448 200 15083831
449 200 15083831
450 200 15083831
451 200 15083831
452 200 15083831
453 200 15083831
454 200 15083831
455 200 15083831
456 200 15083831
457 200 15083831
458 200 15083831
459 200 15083831
460 200 15083831
461 200 15083831
462 200 15083831
463 200 15083831
464 200 15083831
465 200 15083831
466 200 15083831
467 200 15083831
468 200 15083831
469 200 15083831
470 200 15083831
471 200 15083831
472 200 15083831
473 200 15083831
474 200 15083831
475 200 15083831
476 200 15083831
477 200 15083831
478 200 15083831
479 200 15083831
480 200 15083831
481 200 15083831
482 200 15083831
483 200 15083831
484 200 15083831
485 200 15083831
486 200 15083831
487 200 15083831
488 200 15083831
489 200 15083831
490 200 15083831
491 200 15083831
492 200 15083831
493 200 15083831
494 200 15083831
495 200 15083831
496 200 15083831
497 200 15083831
498 200 15083831
499 200 15083831
500 200 15083831
500 200 15083831
499 201 15083831
498 202 15083831
497 203 15083831
497 204 15083831
496 205 15083831
495 206 15083831
494 207 15083831
493 208 15083831
492 209 15083831
491 210 15083831
491 211 15083831
490 212 15083831
489 213 15083831
488 214 15083831
487 215 15083831
486 216 15083831
485 217 15083831
485 218 15083831
484 219 15083831
483 220 15083831
482 221 15083831
481 222 15083831
480 223 15083831
479 224 15083831
479 225 15083831
478 226 15083831
477 227 15083831
476 228 15083831
475 229 15083831
474 230 15083831
473 231 15083831
473 232 15083831
472 233 15083831
471 234 15083831
470 235 15083831
469 236 15083831
468 237 15083831
467 238 15083831
467 239 15083831
466 240 15083831
465 241 15083831
464 242 15083831
463 243 15083831
462 244 15083831
461 245 15083831
461 246 15083831
460 247 15083831
459 248 15083831
458 249 15083831
457 250 15083831
456 251 15083831
455 252 15083831
455 253 15083831
454 254 15083831
453 255 15083831
452 256 15083831
451 257 15083831
450 258 15083831
449 259 15083831
449 260 15083831
448 261 15083831
447 262 15083831
446 263 15083831
445 264 15083831
444 265 15083831
443 266 15083831
443 267 15083831
442 268 15083831
441 269 15083831
440 270 15083831
439 271 15083831
438 272 15083831
437 273 15083831
437 274 15083831
436 275 15083831
435 276 15083831
434 277 15083831
433 278 15083831
432 279 15083831
431 280 15083831
431 281 15083831
430 282 15083831
429 283 15083831
428 284 15083831
427 285 15083831
426 286 15083831
425 287 15083831
425 288 15083831
424 289 15083831
423 290 15083831
422 291 15083831
421 292 15083831
420 293 15083831
419 294 15083831
419 295 15083831
418 296 15083831
417 297 15083831
416 298 15083831
415 299 15083831
414 300 15083831
413 301 15083831
413 302 15083831
412 303 15083831
411 304 15083831
410 305 15083831
409 306 15083831
408 307 15083831
407 308 15083831
407 309 15083831
406 310 15083831
405 311 15083831
404 312 15083831
403 313 15083831
402 314 15083831
401 315 15083831
401 316 15083831
400 317 15083831
399 318 15083831
398 319 15083831
397 320 15083831
396 321 15083831
395 322 15083831
395 323 15083831
394 324 15083831
393 325 15083831
392 326 15083831
391 327 15083831
390 328 15083831
389 329 15083831
389 330 15083831
388 331 15083831
387 332 15083831
386 333 15083831
385 334 15083831
384 335 15083831
383 336 15083831
383 337 15083831
382 338 15083831
381 339 15083831
380 340 15083831
379 341 15083831
378 342 15083831
377 343 15083831
377 344 15083831
376 345 15083831
375 346 15083831
374 347 15083831
373 348 15083831
372 349 15083831
371 350 15083831
371 351 15083831
370 352 15083831
369 353 15083831
368 354 15083831
367 355 15083831
366 356 15083831
365 357 15083831
365 358 15083831
364 359 15083831
363 360 15083831
362 361 15083831
361 362 15083831
360 363 15083831
359 364 15083831
359 365 15083831
358 366 15083831
357 367 15083831
356 368 15083831
355 369 15083831
354 370 15083831
353 371 15083831
353 372 15083831
352 373 15083831
351 374 15083831
350 375 15083831
349 376 15083831
348 377 15083831
347 378 15083831
347 379 15083831
346 380 15083831
345 381 15083831
344 382 15083831
343 383 15083831
342 384 15083831
341 385 15083831
341 386 15083831
340 387 15083831
339 388 15083831
338 389 15083831
337 390 15083831
336 391 15083831
335 392 15083831
335 393 15083831
334 394 15083831
333 395 15083831
332 396 15083831
331 397 15083831
330 398 15083831
329 399 15083831
329 400 15083831
328 401 15083831
327 402 15083831
326 403 15083831
325 404 15083831
324 405 15083831
323 406 15083831
323 407 15083831
322 408 15083831
321 409 15083831
320 410 15083831
319 411 15083831
318 412 15083831
317 413 15083831
317 414 15083831
316 415 15083831
315 416 15083831
314 417 15083831
313 418 15083831
312 419 15083831
311 420 15083831
311 421 15083831
310 422 15083831
309 423 15083831
308 424 15083831
307 425 15083831
306 426 15083831
305 427 15083831
305 428 15083831
304 429 15083831
303 430 15083831
302 431 15083831
301 432 15083831
300 433 15083831
299 434 15083831
299 435 15083831
298 436 15083831
297 437 15083831
296 438 15083831
295 439 15083831
294 440 15083831
293 441 15083831
293 442 15083831
292 443 15083831
291 444 15083831
290 445 15083831
289 446 15083831
288 447 15083831
287 448 15083831
287 449 15083831
286 450 15083831
285 451 15083831
284 452 15083831
283 453 15083831
282 454 15083831
281 455 15083831
281 456 15083831
280 457 15083831
279 458 15083831
278 459 15083831
277 460 15083831
276 461 15083831
275 462 15083831
275 463 15083831
274 464 15083831
273 465 15083831
272 466 15083831
271 467 15083831
270 468 15083831
269 469 15083831
269 470 15083831
268 471 15083831
267 472 15083831
266 473 15083831
265 474 15083831
264 475 15083831
263 476 15083831
263 477 15083831
262 478 15083831
261 479 15083831
260 480 15083831
259 481 15083831
258 482 15083831
257 483 15083831
257 484 15083831
256 485 15083831
255 486 15083831
254 487 15083831
253 488 15083831
252 489 15083831
251 490 15083831
251 491 15083831
250 492 15083831
249 493 15083831
248 494 15083831
247 495 15083831
246 496 15083831
245 497 15083831
245 498 15083831
244 499 15083831
243 500 15083831
242 501 15083831
241 502 15083831
240 503 15083831
239 504 15083831
239 505 15083831
238 506 15083831
237 507 15083831
236 508 15083831
235 509 15083831
234 510 15083831
233 511 15083831
233 512 15083831
232 513 15083831
231 514 15083831
230 515 15083831
229 516 15083831
228 517 15083831
227 518 15083831
227 519 15083831
226 520 15083831
225 521 15083831
224 522 15083831
223 523 15083831
222 524 15083831
221 525 15083831
221 526 15083831
220 527 15083831
219 528 15083831
218 529 15083831
217 530 15083831
216 531 15083831
215 532 15083831
215 533 15083831
214 534 15083831
213 535 15083831
212 536 15083831
211 537 15083831
210 538 15083831
209 539 15083831
209 540 15083831
208 541 15083831
207 542 15083831
206 543 15083831
205 544 15083831
204 545 15083831
203 546 15083831
203 547 15083831
202 548 15083831
201 549 15083831
200 550 15083831
200 550 15083831
200 549 15083831
200 548 15083831
200 547 15083831
200 546 15083831
200 545 15083831
200 544 15083831
200 543 15083831
200 542 15083831
200 541 15083831
200 540 15083831
200 539 15083831
200 538 15083831
200 537 15083831
200 536 15083831
200 535 15083831
200 534 15083831
200 533 15083831
200 532 15083831
200 531 15083831
200 530 15083831
200 529 15083831
200 528 15083831
200 527 15083831
200 526 15083831
200 525 15083831
200 524 15083831
200 523 15083831
200 522 15083831
200 521 15083831
200 520 15083831
200 519 15083831
200 518 15083831
200 517 15083831
200 516 15083831
200 515 15083831
200 514 15083831
200 513 15083831
200 512 15083831
200 511 15083831
200 510 15083831
200 509 15083831
200 508 15083831
200 507 15083831
200 506 15083831
200 505 15083831
200 504 15083831
200 503 15083831
200 502 15083831
200 501 15083831
200 500 15083831
200 499 15083831
200 498 15083831
200 497 15083831
200 496 15083831
200 495 15083831
200 494 15083831
200 493 15083831
200 492 15083831
200 491 15083831
200 490 15083831
200 489 15083831
200 488 15083831
200 487 15083831
200 486 15083831
200 485 15083831
200 484 15083831
200 483 15083831
200 482 15083831
200 481 15083831
200 480 15083831
200 479 15083831
200 478 15083831
200 477 15083831
200 476 15083831
200 475 15083831
200 474 15083831
200 473 15083831
200 472 15083831
200 471 15083831
200 470 15083831
200 469 15083831
200 468 15083831
200 467 15083831
200 466 15083831
200 465 15083831
200 464 15083831
200 463 15083831
200 462 15083831
200 461 15083831
200 460 15083831
200 459 15083831
200 458 15083831
200 457 15083831
200 456 15083831
200 455 15083831
200 454 15083831
200 453 15083831
200 452 15083831
200 451 15083831
200 450 15083831
200 449 15083831
200 448 15083831
200 447 15083831
200 446 15083831
200 445 15083831
200 444 15083831
200 443 15083831
200 442 15083831
200 441 15083831
200 440 15083831
200 439 15083831
200 438 15083831
200 437 15083831
200 436 15083831
200 435 15083831
200 434 15083831
200 433 15083831
200 432 15083831
200 431 15083831
200 430 15083831
200 429 15083831
200 428 15083831
200 427 15083831
200 426 15083831
200 425 15083831
200 424 15083831
200 423 15083831
200 422 15083831
200 421 15083831
200 420 15083831
200 419 15083831
200 418 15083831
200 417 15083831
200 416 15083831
200 415 15083831
200 414 15083831
200 413 15083831
200 412 15083831
200 411 15083831
200 410 15083831
200 409 15083831
200 408 15083831
200 407 15083831
200 406 15083831
200 405 15083831
200 404 15083831
200 403 15083831
200 402 15083831
200 401 15083831
200 400 15083831
200 399 15083831
200 398 15083831
200 397 15083831
200 396 15083831
200 395 15083831
200 394 15083831
200 393 15083831
200 392 15083831
200 391 15083831
200 390 15083831
200 389 15083831
200 388 15083831
200 387 15083831
200 386 15083831
200 385 15083831
200 384 15083831
200 383 15083831
200 382 15083831
200 381 15083831
200 380 15083831
200 379 15083831
200 378 15083831
200 377 15083831
200 376 15083831
200 375 15083831
200 374 15083831
200 373 15083831
200 372 15083831
200 371 15083831
200 370 15083831
200 369 15083831
200 368 15083831
200 367 15083831
200 366 15083831
200 365 15083831
200 364 15083831
200 363 15083831
200 362 15083831
200 361 15083831
200 360 15083831
200 359 15083831
200 358 15083831
200 357 15083831
200 356 15083831
200 355 15083831
200 354 15083831
200 353 15083831
200 352 15083831
200 351 15083831
200 350 15083831
200 349 15083831
200 348 15083831
200 347 15083831
200 346 15083831
200 345 15083831
200 344 15083831
200 343 15083831
200 342 15083831
200 341 15083831
200 340 15083831
200 339 15083831
200 338 15083831
200 337 15083831
200 336 15083831
200 335 15083831
200 334 15083831
200 333 15083831
200 332 15083831
200 331 15083831
200 330 15083831
200 329 15083831
200 328 15083831
200 327 15083831
200 326 15083831
200 325 15083831
200 324 15083831
200 323 15083831
200 322 15083831
200 321 15083831
200 320 15083831
200 319 15083831
200 318 15083831
200 317 15083831
200 316 15083831
200 315 15083831
200 314 15083831
200 313 15083831
200 312 15083831
200 311 15083831
200 310 15083831
200 309 15083831
200 308 15083831
200 307 15083831
200 306 15083831
200 305 15083831
200 304 15083831
200 303 15083831
200 302 15083831
200 301 15083831
200 300 15083831
200 299 15083831
200 298 15083831
200 297 15083831
200 296 15083831
200 295 15083831
200 294 15083831
200 293 15083831
200 292 15083831
200 291 15083831
200 290 15083831
200 289 15083831
200 288 15083831
200 287 15083831
200 286 15083831
200 285 15083831
200 284 15083831
200 283 15083831
200 282 15083831
200 281 15083831
200 280 15083831
200 279 15083831
200 278 15083831
200 277 15083831
200 276 15083831
200 275 15083831
200 274 15083831
200 273 15083831
200 272 15083831
200 271 15083831
200 270 15083831
200 269 15083831
200 268 15083831
200 267 15083831
200 266 15083831
200 265 15083831
200 264 15083831
200 263 15083831
200 262 15083831
200 261 15083831
200 260 15083831
200 259 15083831
200 258 15083831
200 257 15083831
200 256 15083831
200 255 15083831
200 254 15083831
200 253 15083831
200 252 15083831
200 251 15083831
200 250 15083831
200 249 15083831
200 248 15083831
200 247 15083831
200 246 15083831
200 245 15083831
200 244 15083831
200 243 15083831
200 242 15083831
200 241 15083831
200 240 15083831
200 239 15083831
200 238 15083831
200 237 15083831
200 236 15083831
200 235 15083831
200 234 15083831
200 233 15083831
200 232 15083831
200 231 15083831
200 230 15083831
200 229 15083831
200 228 15083831
200 227 15083831
200 226 15083831
200 225 15083831
200 224 15083831
200 223 15083831
200 222 15083831
200 221 15083831
200 220 15083831
200 219 15083831
200 218 15083831
200 217 15083831
200 216 15083831
200 215 15083831
200 214 15083831
200 213 15083831
200 212 15083831
200 211 15083831
200 210 15083831
200 209 15083831
200 208 15083831
200 207 15083831
200 206 15083831
200 205 15083831
200 204 15083831
200 203 15083831
200 202 15083831
200 201 15083831
200 200 15083831
