0 0 0
0 0 0
0 0 0
0 0 0
0 0 0
0 0 0
0 0 255
0 0 255
0 0 255
150 170 255
150 130 255
151 170 255
151 130 255
130 150 255
130 150 255
131 150 255
131 150 255
132 150 255
132 150 255
133 150 255
133 150 255
134 150 255
134 150 255
135 150 255
135 150 255
136 150 255
136 150 255
137 150 255
137 150 255
138 150 255
138 150 255
139 150 255
139 150 255
140 150 255
140 150 255
141 150 255
141 150 255
142 150 255
142 150 255
143 150 255
143 150 255
144 150 255
144 150 255
145 150 255
145 150 255
146 150 255
146 150 255
147 150 255
147 150 255
148 150 255
148 150 255
149 150 255
149 150 255
150 150 255
150 150 255
151 150 255
151 150 255
152 150 255
152 150 255
153 150 255
153 150 255
154 150 255
154 150 255
155 150 255
155 150 255
156 150 255
156 150 255
157 150 255
157 150 255
158 150 255
158 150 255
159 150 255
159 150 255
160 150 255
160 150 255
161 150 255
161 150 255
162 150 255
162 150 255
163 150 255
163 150 255
164 150 255
164 150 255
165 150 255
165 150 255
166 150 255
166 150 255
167 150 255
167 150 255
168 150 255
168 150 255
169 150 255
169 150 255
170 150 255
170 150 255
171 150 255
171 150 255
171 150 255
171 150 255
149 170 255
149 130 255
150 170 255
150 130 255
151 170 255
151 130 255
152 170 255
152 130 255
130 151 255
130 149 255
131 151 255
131 149 255
132 151 255
132 149 255
133 151 255
133 149 255
134 151 255
134 149 255
135 151 255
135 149 255
136 151 255
136 149 255
137 151 255
137 149 255
138 151 255
138 149 255
139 151 255
139 149 255
140 151 255
140 149 255
141 151 255
141 149 255
142 151 255
142 149 255
143 151 255
143 149 255
144 151 255
144 149 255
145 151 255
145 149 255
146 151 255
146 149 255
147 151 255
147 149 255
148 151 255
148 149 255
149 151 255
149 149 255
150 151 255
150 149 255
151 151 255
151 149 255
152 151 255
152 149 255
153 151 255
153 149 255
154 151 255
154 149 255
155 151 255
155 149 255
156 151 255
156 149 255
157 151 255
157 149 255
158 151 255
158 149 255
159 151 255
159 149 255
160 151 255
160 149 255
161 151 255
161 149 255
162 151 255
162 149 255
163 151 255
163 149 255
164 151 255
164 149 255
165 151 255
165 149 255
166 151 255
166 149 255
167 151 255
167 149 255
168 151 255
168 149 255
169 151 255
169 149 255
170 151 255
170 149 255
171 151 255
171 149 255
171 149 255
171 149 255
148 170 255
148 130 255
149 170 255
149 130 255
150 170 255
150 130 255
151 170 255
151 130 255
152 170 255
152 130 255
153 170 255
153 130 255
130 152 255
130 148 255
131 152 255
131 148 255
132 152 255
132 148 255
133 152 255
133 148 255
134 152 255
134 148 255
135 152 255
135 148 255
136 152 255
136 148 255
137 152 255
137 148 255
138 152 255
138 148 255
139 152 255
139 148 255
140 152 255
140 148 255
141 152 255
141 148 255
142 152 255
142 148 255
143 152 255
143 148 255
144 152 255
144 148 255
145 152 255
145 148 255
146 152 255
146 148 255
147 152 255
147 148 255
148 152 255
148 148 255
149 152 255
149 148 255
150 152 255
150 148 255
151 152 255
151 148 255
152 152 255
152 148 255
153 152 255
153 148 255
154 152 255
154 148 255
155 152 255
155 148 255
156 152 255
156 148 255
157 152 255
157 148 255
158 152 255
158 148 255
159 152 255
159 148 255
160 152 255
160 148 255
161 152 255
161 148 255
162 152 255
162 148 255
163 152 255
163 148 255
164 152 255
164 148 255
165 152 255
165 148 255
166 152 255
166 148 255
167 152 255
167 148 255
168 152 255
168 148 255
169 152 255
169 148 255
170 152 255
170 148 255
171 152 255
171 148 255
171 148 255
171 148 255
147 170 255
147 130 255
148 170 255
148 130 255
149 170 255
149 130 255
150 170 255
150 130 255
151 170 255
151 130 255
152 170 255
152 130 255
153 170 255
153 130 255
154 170 255
154 130 255
130 153 255
130 147 255
131 153 255
131 147 255
132 153 255
132 147 255
133 153 255
133 147 255
134 153 255
134 147 255
135 153 255
135 147 255
136 153 255
136 147 255
137 153 255
137 147 255
138 153 255
138 147 255
139 153 255
139 147 255
140 153 255
140 147 255
141 153 255
141 147 255
142 153 255
142 147 255
143 153 255
143 147 255
144 153 255
144 147 255
145 153 255
145 147 255
146 153 255
146 147 255
147 153 255
147 147 255
148 153 255
148 147 255
149 153 255
149 147 255
150 153 255
150 147 255
151 153 255
151 147 255
152 153 255
152 147 255
153 153 255
153 147 255
154 153 255
154 147 255
155 153 255
155 147 255
156 153 255
156 147 255
157 153 255
157 147 255
158 153 255
158 147 255
159 153 255
159 147 255
160 153 255
160 147 255
161 153 255
161 147 255
162 153 255
162 147 255
163 153 255
163 147 255
164 153 255
164 147 255
165 153 255
165 147 255
166 153 255
166 147 255
167 153 255
167 147 255
168 153 255
168 147 255
169 153 255
169 147 255
170 153 255
170 147 255
171 153 255
171 147 255
171 147 255
171 147 255
146 170 255
146 130 255
147 170 255
147 130 255
148 170 255
148 130 255
149 170 255
149 130 255
150 170 255
150 130 255
151 170 255
151 130 255
152 170 255
152 130 255
153 170 255
153 130 255
154 170 255
154 130 255
155 170 255
155 130 255
130 154 255
130 146 255
131 154 255
131 146 255
132 154 255
132 146 255
133 154 255
133 146 255
134 154 255
134 146 255
135 154 255
135 146 255
136 154 255
136 146 255
137 154 255
137 146 255
138 154 255
138 146 255
139 154 255
139 146 255
140 154 255
140 146 255
141 154 255
141 146 255
142 154 255
142 146 255
143 154 255
143 146 255
144 154 255
144 146 255
145 154 255
145 146 255
146 154 255
146 146 255
147 154 255
147 146 255
148 154 255
148 146 255
149 154 255
149 146 255
150 154 255
150 146 255
151 154 255
151 146 255
152 154 255
152 146 255
153 154 255
153 146 255
154 154 255
154 146 255
155 154 255
155 146 255
156 154 255
156 146 255
157 154 255
157 146 255
158 154 255
158 146 255
159 154 255
159 146 255
160 154 255
160 146 255
161 154 255
161 146 255
162 154 255
162 146 255
163 154 255
163 146 255
164 154 255
164 146 255
165 154 255
165 146 255
166 154 255
166 146 255
167 154 255
167 146 255
168 154 255
168 146 255
169 154 255
169 146 255
170 154 255
170 146 255
171 154 255
171 146 255
171 146 255
171 146 255
145 169 255
145 131 255
146 169 255
146 131 255
147 169 255
147 131 255
148 169 255
148 131 255
149 169 255
149 131 255
150 169 255
150 131 255
151 169 255
151 131 255
152 169 255
152 131 255
153 169 255
153 131 255
154 169 255
154 131 255
155 169 255
155 131 255
156 169 255
156 131 255
131 155 255
131 145 255
132 155 255
132 145 255
133 155 255
133 145 255
134 155 255
134 145 255
135 155 255
135 145 255
136 155 255
136 145 255
137 155 255
137 145 255
138 155 255
138 145 255
139 155 255
139 145 255
140 155 255
140 145 255
141 155 255
141 145 255
142 155 255
142 145 255
143 155 255
143 145 255
144 155 255
144 145 255
145 155 255
145 145 255
146 155 255
146 145 255
147 155 255
147 145 255
148 155 255
148 145 255
149 155 255
149 145 255
150 155 255
150 145 255
151 155 255
151 145 255
152 155 255
152 145 255
153 155 255
153 145 255
154 155 255
154 145 255
155 155 255
155 145 255
156 155 255
156 145 255
157 155 255
157 145 255
158 155 255
158 145 255
159 155 255
159 145 255
160 155 255
160 145 255
161 155 255
161 145 255
162 155 255
162 145 255
163 155 255
163 145 255
164 155 255
164 145 255
165 155 255
165 145 255
166 155 255
166 145 255
167 155 255
167 145 255
168 155 255
168 145 255
169 155 255
169 145 255
170 155 255
170 145 255
170 145 255
170 145 255
144 169 255
144 131 255
145 169 255
145 131 255
146 169 255
146 131 255
147 169 255
147 131 255
148 169 255
148 131 255
149 169 255
149 131 255
150 169 255
150 131 255
151 169 255
151 131 255
152 169 255
152 131 255
153 169 255
153 131 255
154 169 255
154 131 255
155 169 255
155 131 255
156 169 255
156 131 255
157 169 255
157 131 255
131 156 255
131 144 255
132 156 255
132 144 255
133 156 255
133 144 255
134 156 255
134 144 255
135 156 255
135 144 255
136 156 255
136 144 255
137 156 255
137 144 255
138 156 255
138 144 255
139 156 255
139 144 255
140 156 255
140 144 255
141 156 255
141 144 255
142 156 255
142 144 255
143 156 255
143 144 255
144 156 255
144 144 255
145 156 255
145 144 255
146 156 255
146 144 255
147 156 255
147 144 255
148 156 255
148 144 255
149 156 255
149 144 255
150 156 255
150 144 255
151 156 255
151 144 255
152 156 255
152 144 255
153 156 255
153 144 255
154 156 255
154 144 255
155 156 255
155 144 255
156 156 255
156 144 255
157 156 255
157 144 255
158 156 255
158 144 255
159 156 255
159 144 255
160 156 255
160 144 255
161 156 255
161 144 255
162 156 255
162 144 255
163 156 255
163 144 255
164 156 255
164 144 255
165 156 255
165 144 255
166 156 255
166 144 255
167 156 255
167 144 255
168 156 255
168 144 255
169 156 255
169 144 255
170 156 255
170 144 255
170 144 255
170 144 255
143 169 255
143 131 255
144 169 255
144 131 255
145 169 255
145 131 255
146 169 255
146 131 255
147 169 255
147 131 255
148 169 255
148 131 255
149 169 255
149 131 255
150 169 255
150 131 255
151 169 255
151 131 255
152 169 255
152 131 255
153 169 255
153 131 255
154 169 255
154 131 255
155 169 255
155 131 255
156 169 255
156 131 255
157 169 255
157 131 255
158 169 255
158 131 255
131 157 255
131 143 255
132 157 255
132 143 255
133 157 255
133 143 255
134 157 255
134 143 255
135 157 255
135 143 255
136 157 255
136 143 255
137 157 255
137 143 255
138 157 255
138 143 255
139 157 255
139 143 255
140 157 255
140 143 255
141 157 255
141 143 255
142 157 255
142 143 255
143 157 255
143 143 255
144 157 255
144 143 255
145 157 255
145 143 255
146 157 255
146 143 255
147 157 255
147 143 255
148 157 255
148 143 255
149 157 255
149 143 255
150 157 255
150 143 255
151 157 255
151 143 255
152 157 255
152 143 255
153 157 255
153 143 255
154 157 255
154 143 255
155 157 255
155 143 255
156 157 255
156 143 255
157 157 255
157 143 255
158 157 255
158 143 255
159 157 255
159 143 255
160 157 255
160 143 255
161 157 255
161 143 255
162 157 255
162 143 255
163 157 255
163 143 255
164 157 255
164 143 255
165 157 255
165 143 255
166 157 255
166 143 255
167 157 255
167 143 255
168 157 255
168 143 255
169 157 255
169 143 255
170 157 255
170 143 255
170 143 255
170 143 255
142 168 255
142 132 255
143 168 255
143 132 255
144 168 255
144 132 255
145 168 255
145 132 255
146 168 255
146 132 255
147 168 255
147 132 255
148 168 255
148 132 255
149 168 255
149 132 255
150 168 255
150 132 255
151 168 255
151 132 255
152 168 255
152 132 255
153 168 255
153 132 255
154 168 255
154 132 255
155 168 255
155 132 255
156 168 255
156 132 255
157 168 255
157 132 255
158 168 255
158 132 255
159 168 255
159 132 255
132 158 255
132 142 255
133 158 255
133 142 255
134 158 255
134 142 255
135 158 255
135 142 255
136 158 255
136 142 255
137 158 255
137 142 255
138 158 255
138 142 255
139 158 255
139 142 255
140 158 255
140 142 255
141 158 255
141 142 255
142 158 255
142 142 255
143 158 255
143 142 255
144 158 255
144 142 255
145 158 255
145 142 255
146 158 255
146 142 255
147 158 255
147 142 255
148 158 255
148 142 255
149 158 255
149 142 255
150 158 255
150 142 255
151 158 255
151 142 255
152 158 255
152 142 255
153 158 255
153 142 255
154 158 255
154 142 255
155 158 255
155 142 255
156 158 255
156 142 255
157 158 255
157 142 255
158 158 255
158 142 255
159 158 255
159 142 255
160 158 255
160 142 255
161 158 255
161 142 255
162 158 255
162 142 255
163 158 255
163 142 255
164 158 255
164 142 255
165 158 255
165 142 255
166 158 255
166 142 255
167 158 255
167 142 255
168 158 255
168 142 255
169 158 255
169 142 255
169 142 255
169 142 255
141 168 255
141 132 255
142 168 255
142 132 255
143 168 255
143 132 255
144 168 255
144 132 255
145 168 255
145 132 255
146 168 255
146 132 255
147 168 255
147 132 255
148 168 255
148 132 255
149 168 255
149 132 255
150 168 255
150 132 255
151 168 255
151 132 255
152 168 255
152 132 255
153 168 255
153 132 255
154 168 255
154 132 255
155 168 255
155 132 255
156 168 255
156 132 255
157 168 255
157 132 255
158 168 255
158 132 255
159 168 255
159 132 255
160 168 255
160 132 255
132 159 255
132 141 255
133 159 255
133 141 255
134 159 255
134 141 255
135 159 255
135 141 255
136 159 255
136 141 255
137 159 255
137 141 255
138 159 255
138 141 255
139 159 255
139 141 255
140 159 255
140 141 255
141 159 255
141 141 255
142 159 255
142 141 255
143 159 255
143 141 255
144 159 255
144 141 255
145 159 255
145 141 255
146 159 255
146 141 255
147 159 255
147 141 255
148 159 255
148 141 255
149 159 255
149 141 255
150 159 255
150 141 255
151 159 255
151 141 255
152 159 255
152 141 255
153 159 255
153 141 255
154 159 255
154 141 255
155 159 255
155 141 255
156 159 255
156 141 255
157 159 255
157 141 255
158 159 255
158 141 255
159 159 255
159 141 255
160 159 255
160 141 255
161 159 255
161 141 255
162 159 255
162 141 255
163 159 255
163 141 255
164 159 255
164 141 255
165 159 255
165 141 255
166 159 255
166 141 255
167 159 255
167 141 255
168 159 255
168 141 255
169 159 255
169 141 255
169 141 255
169 141 255
140 167 255
140 133 255
141 167 255
141 133 255
142 167 255
142 133 255
143 167 255
143 133 255
144 167 255
144 133 255
145 167 255
145 133 255
146 167 255
146 133 255
147 167 255
147 133 255
148 167 255
148 133 255
149 167 255
149 133 255
150 167 255
150 133 255
151 167 255
151 133 255
152 167 255
152 133 255
153 167 255
153 133 255
154 167 255
154 133 255
155 167 255
155 133 255
156 167 255
156 133 255
157 167 255
157 133 255
158 167 255
158 133 255
159 167 255
159 133 255
160 167 255
160 133 255
161 167 255
161 133 255
133 160 255
133 140 255
134 160 255
134 140 255
135 160 255
135 140 255
136 160 255
136 140 255
137 160 255
137 140 255
138 160 255
138 140 255
139 160 255
139 140 255
140 160 255
140 140 255
141 160 255
141 140 255
142 160 255
142 140 255
143 160 255
143 140 255
144 160 255
144 140 255
145 160 255
145 140 255
146 160 255
146 140 255
147 160 255
147 140 255
148 160 255
148 140 255
149 160 255
149 140 255
150 160 255
150 140 255
151 160 255
151 140 255
152 160 255
152 140 255
153 160 255
153 140 255
154 160 255
154 140 255
155 160 255
155 140 255
156 160 255
156 140 255
157 160 255
157 140 255
158 160 255
158 140 255
159 160 255
159 140 255
160 160 255
160 140 255
161 160 255
161 140 255
162 160 255
162 140 255
163 160 255
163 140 255
164 160 255
164 140 255
165 160 255
165 140 255
166 160 255
166 140 255
167 160 255
167 140 255
168 160 255
168 140 255
168 140 255
168 140 255
139 167 255
139 133 255
140 167 255
140 133 255
141 167 255
141 133 255
142 167 255
142 133 255
143 167 255
143 133 255
144 167 255
144 133 255
145 167 255
145 133 255
146 167 255
146 133 255
147 167 255
147 133 255
148 167 255
148 133 255
149 167 255
149 133 255
150 167 255
150 133 255
151 167 255
151 133 255
152 167 255
152 133 255
153 167 255
153 133 255
154 167 255
154 133 255
155 167 255
155 133 255
156 167 255
156 133 255
157 167 255
157 133 255
158 167 255
158 133 255
159 167 255
159 133 255
160 167 255
160 133 255
161 167 255
161 133 255
162 167 255
162 133 255
133 161 255
133 139 255
134 161 255
134 139 255
135 161 255
135 139 255
136 161 255
136 139 255
137 161 255
137 139 255
138 161 255
138 139 255
139 161 255
139 139 255
140 161 255
140 139 255
141 161 255
141 139 255
142 161 255
142 139 255
143 161 255
143 139 255
144 161 255
144 139 255
145 161 255
145 139 255
146 161 255
146 139 255
147 161 255
147 139 255
148 161 255
148 139 255
149 161 255
149 139 255
150 161 255
150 139 255
151 161 255
151 139 255
152 161 255
152 139 255
153 161 255
153 139 255
154 161 255
154 139 255
155 161 255
155 139 255
156 161 255
156 139 255
157 161 255
157 139 255
158 161 255
158 139 255
159 161 255
159 139 255
160 161 255
160 139 255
161 161 255
161 139 255
162 161 255
162 139 255
163 161 255
163 139 255
164 161 255
164 139 255
165 161 255
165 139 255
166 161 255
166 139 255
167 161 255
167 139 255
168 161 255
168 139 255
168 139 255
168 139 255
138 166 255
138 134 255
139 166 255
139 134 255
140 166 255
140 134 255
141 166 255
141 134 255
142 166 255
142 134 255
143 166 255
143 134 255
144 166 255
144 134 255
145 166 255
145 134 255
146 166 255
146 134 255
147 166 255
147 134 255
148 166 255
148 134 255
149 166 255
149 134 255
150 166 255
150 134 255
151 166 255
151 134 255
152 166 255
152 134 255
153 166 255
153 134 255
154 166 255
154 134 255
155 166 255
155 134 255
156 166 255
156 134 255
157 166 255
157 134 255
158 166 255
158 134 255
159 166 255
159 134 255
160 166 255
160 134 255
161 166 255
161 134 255
162 166 255
162 134 255
163 166 255
163 134 255
134 162 255
134 138 255
135 162 255
135 138 255
136 162 255
136 138 255
137 162 255
137 138 255
138 162 255
138 138 255
139 162 255
139 138 255
140 162 255
140 138 255
141 162 255
141 138 255
142 162 255
142 138 255
143 162 255
143 138 255
144 162 255
144 138 255
145 162 255
145 138 255
146 162 255
146 138 255
147 162 255
147 138 255
148 162 255
148 138 255
149 162 255
149 138 255
150 162 255
150 138 255
151 162 255
151 138 255
152 162 255
152 138 255
153 162 255
153 138 255
154 162 255
154 138 255
155 162 255
155 138 255
156 162 255
156 138 255
157 162 255
157 138 255
158 162 255
158 138 255
159 162 255
159 138 255
160 162 255
160 138 255
161 162 255
161 138 255
162 162 255
162 138 255
163 162 255
163 138 255
164 162 255
164 138 255
165 162 255
165 138 255
166 162 255
166 138 255
167 162 255
167 138 255
167 138 255
167 138 255
137 165 255
137 135 255
138 165 255
138 135 255
139 165 255
139 135 255
140 165 255
140 135 255
141 165 255
141 135 255
142 165 255
142 135 255
143 165 255
143 135 255
144 165 255
144 135 255
145 165 255
145 135 255
146 165 255
146 135 255
147 165 255
147 135 255
148 165 255
148 135 255
149 165 255
149 135 255
150 165 255
150 135 255
151 165 255
151 135 255
152 165 255
152 135 255
153 165 255
153 135 255
154 165 255
154 135 255
155 165 255
155 135 255
156 165 255
156 135 255
157 165 255
157 135 255
158 165 255
158 135 255
159 165 255
159 135 255
160 165 255
160 135 255
161 165 255
161 135 255
162 165 255
162 135 255
163 165 255
163 135 255
164 165 255
164 135 255
135 163 255
135 137 255
136 163 255
136 137 255
137 163 255
137 137 255
138 163 255
138 137 255
139 163 255
139 137 255
140 163 255
140 137 255
141 163 255
141 137 255
142 163 255
142 137 255
143 163 255
143 137 255
144 163 255
144 137 255
145 163 255
145 137 255
146 163 255
146 137 255
147 163 255
147 137 255
148 163 255
148 137 255
149 163 255
149 137 255
150 163 255
150 137 255
151 163 255
151 137 255
152 163 255
152 137 255
153 163 255
153 137 255
154 163 255
154 137 255
155 163 255
155 137 255
156 163 255
156 137 255
157 163 255
157 137 255
158 163 255
158 137 255
159 163 255
159 137 255
160 163 255
160 137 255
161 163 255
161 137 255
162 163 255
162 137 255
163 163 255
163 137 255
164 163 255
164 137 255
165 163 255
165 137 255
166 163 255
166 137 255
166 137 255
166 137 255
136 164 255
136 136 255
137 164 255
137 136 255
138 164 255
138 136 255
139 164 255
139 136 255
140 164 255
140 136 255
141 164 255
141 136 255
142 164 255
142 136 255
143 164 255
143 136 255
144 164 255
144 136 255
145 164 255
145 136 255
146 164 255
146 136 255
147 164 255
147 136 255
148 164 255
148 136 255
149 164 255
149 136 255
150 164 255
150 136 255
151 164 255
151 136 255
152 164 255
152 136 255
153 164 255
153 136 255
154 164 255
154 136 255
155 164 255
155 136 255
156 164 255
156 136 255
157 164 255
157 136 255
158 164 255
158 136 255
159 164 255
159 136 255
160 164 255
160 136 255
161 164 255
161 136 255
162 164 255
162 136 255
163 164 255
163 136 255
164 164 255
164 136 255
165 164 255
165 136 255
136 164 255
136 136 255
137 164 255
137 136 255
138 164 255
138 136 255
139 164 255
139 136 255
140 164 255
140 136 255
141 164 255
141 136 255
142 164 255
142 136 255
143 164 255
143 136 255
144 164 255
144 136 255
145 164 255
145 136 255
146 164 255
146 136 255
147 164 255
147 136 255
148 164 255
148 136 255
149 164 255
149 136 255
150 164 255
150 136 255
151 164 255
151 136 255
152 164 255
152 136 255
153 164 255
153 136 255
154 164 255
154 136 255
155 164 255
155 136 255
156 164 255
156 136 255
157 164 255
157 136 255
158 164 255
158 136 255
159 164 255
159 136 255
160 164 255
160 136 255
161 164 255
161 136 255
162 164 255
162 136 255
163 164 255
163 136 255
164 164 255
164 136 255
165 164 255
165 136 255
165 136 255
165 136 255
