0 0 16711680
0 0 16711680
0 0 16711680
100 200 16711680
100 200 16711680
100 0 16711680
100 0 16711680
200 100 16711680
0 100 16711680
200 100 16711680
0 100 16711680
0 100 16711680
101 200 16711680
99 200 16711680
101 0 16711680
99 0 16711680
200 101 16711680
0 101 16711680
200 99 16711680
0 99 16711680
0 99 16711680
102 200 16711680
98 200 16711680
102 0 16711680
98 0 16711680
200 102 16711680
0 102 16711680
200 98 16711680
0 98 16711680
0 98 16711680
103 200 16711680
97 200 16711680
103 0 16711680
97 0 16711680
200 103 16711680
0 103 16711680
200 97 16711680
0 97 16711680
0 97 16711680
104 200 16711680
96 200 16711680
104 0 16711680
96 0 16711680
200 104 16711680
0 104 16711680
200 96 16711680
0 96 16711680
0 96 16711680
105 200 16711680
95 200 16711680
105 0 16711680
95 0 16711680
200 105 16711680
0 105 16711680
200 95 16711680
0 95 16711680
0 95 16711680
106 200 16711680
94 200 16711680
106 0 16711680
94 0 16711680
200 106 16711680
0 106 16711680
200 94 16711680
0 94 16711680
0 94 16711680
107 200 16711680
93 200 16711680
107 0 16711680
93 0 16711680
200 107 16711680
0 107 16711680
200 93 16711680
0 93 16711680
0 93 16711680
108 200 16711680
92 200 16711680
108 0 16711680
92 0 16711680
200 108 16711680
0 108 16711680
200 92 16711680
0 92 16711680
0 92 16711680
109 200 16711680
91 200 16711680
109 0 16711680
91 0 16711680
200 109 16711680
0 109 16711680
200 91 16711680
0 91 16711680
0 91 16711680
110 199 16711680
90 199 16711680
110 1 16711680
90 1 16711680
199 110 16711680
1 110 16711680
199 90 16711680
