0 0 16711680
0 0 16711680
0 0 16711680
0 0 16711680
120 160 16711680
120 236 16711680
120 236 16711680
121 160 16711680
121 236 16711680
121 236 16711680
30 70 16711680
30 70 16711680
30 70 16711680
31 70 16711680
31 70 16711680
31 70 16711680
32 70 16711680
32 70 16711680
32 70 16711680
33 70 16711680
33 70 16711680
33 70 16711680
34 70 16711680
34 70 16711680
34 70 16711680
35 70 16711680
35 70 16711680
35 70 16711680
36 70 16711680
36 70 16711680
36 70 16711680
37 70 16711680
37 70 16711680
37 70 16711680
38 70 16711680
38 70 16711680
38 70 16711680
39 70 16711680
39 70 16711680
39 70 16711680
40 70 16711680
40 70 16711680
40 70 16711680
41 70 16711680
41 70 16711680
41 70 16711680
42 70 16711680
42 70 16711680
42 70 16711680
43 70 16711680
43 70 16711680
43 70 16711680
44 70 16711680
44 70 16711680
44 70 16711680
45 70 16711680
45 70 16711680
45 70 16711680
46 70 16711680
46 70 16711680
46 70 16711680
47 70 16711680
47 70 16711680
47 70 16711680
48 70 16711680
48 70 16711680
48 70 16711680
49 70 16711680
49 70 16711680
49 70 16711680
50 70 16711680
50 70 16711680
50 70 16711680
51 70 16711680
51 70 16711680
51 70 16711680
52 70 16711680
52 70 16711680
52 70 16711680
53 70 16711680
53 70 16711680
53 70 16711680
54 70 16711680
54 70 16711680
54 70 16711680
55 70 16711680
55 70 16711680
55 70 16711680
56 70 16711680
56 70 16711680
56 70 16711680
57 70 16711680
57 70 16711680
57 70 16711680
58 70 16711680
58 70 16711680
58 70 16711680
59 70 16711680
59 70 16711680
59 70 16711680
